-2.00 7.372208 51.813517 900
-2.00 7.615650 51.813517 900
-2.00 7.859092 51.813517 900
-2.00 7.372208 51.963517 900
-2.00 7.615650 51.963517 900
-2.00 7.859092 51.963517 900
-2.00 7.372208 52.113517 900
-2.00 7.615650 52.113517 900
-2.00 7.859092 52.113517 900
0.00 7.372208 51.813517 900
0.00 7.615650 51.813517 900
0.00 7.859092 51.813517 900
0.00 7.372208 51.963517 900
0.00 7.615650 51.963517 900
0.00 7.859092 51.963517 900
0.00 7.372208 52.113517 900
0.00 7.615650 52.113517 900
0.00 7.859092 52.113517 900
2.00 7.372208 51.813517 900
2.00 7.615650 51.813517 900
2.00 7.859092 51.813517 900
2.00 7.372208 51.963517 900
2.00 7.615650 51.963517 900
2.00 7.859092 51.963517 900
2.00 7.372208 52.113517 900
2.00 7.615650 52.113517 900
2.00 7.859092 52.113517 900
